001:085:002:DESCRIPTOR         1775344893.911191
 06 00 FF 09 01 A1 01 15 00 26 FF 00 09 00 A1 02
 85 FF 09 20 75 08 95 3F 81 02 C0 09 01 A1 02 85
 01 09 21 75 08 95 3F B1 02 C0 09 02 A1 02 85 08
 09 22 75 08 95 10 B1 02 C0 09 03 A1 02 85 09 09
 23 75 08 95 3F B1 02 C0 09 05 A1 02 85 0B 09 25
 75 08 95 3F B1 02 C0 C0

001:085:000:DESCRIPTOR         1775344893.922197
 05 01 09 04 A1 01 09 01 A1 00 09 30 09 31 16 00
 00 26 FF 03 75 0A 95 02 81 02 05 09 19 01 29 24
 15 00 25 01 75 01 95 24 81 02 05 01 09 32 09 33
 09 35 09 34 09 36 09 37 15 00 26 FF 00 75 08 95
 06 81 02 C0 C0

